6 8
65
011100
100010
100010
100010
111110
100010
100010
000000

66
111100
100010
100010
111100
100010
100010
111100
000000

67
011100
100010 
100000
100000
100000
100010
011100
000000

68
111000
100100
100010
100010
100010
100100
111000
000000

69
111110
100000
100000
111110
100000
100000
111110
000000

70
111110
100000
100000
111000
100000
100000
100000
000000

71
011100
100010
100000
100000
100110
100010
011100
000000

72
100010
100010
100010
111110
100010
100010
100010
000000

73
011100
001000
001000
001000
001000
001000
011100
000000

74
001110
000100
000100
000100
000100
100100
011000
000000

75
100010
100100
101000
110000
101000
100100
100010
000000

76
100000
100000
100000
100000
100000
100000
111110
000000

77
100010
110110
101010
100010
100010
100010
000000

78
100010
100010
110010
101010
100110
100010
100010
000000

79
011100
100010
100010
100010
100010
100010
011100
000000

80
111100
100010
100010
111100
100000
100000
100000
000000

81
011100
100010
100010
100010
101010
100100
011010
000000

82
111100
100010
100010
111100
101000
100100
100010
000000

83
011110
100000
100000
011100
000010
000010
111100
000000

84
111110
001000
001000
001000
001000
001000
001000
000000

85
100010
100010
100010
100010
100010
100010
011100
000000

86
100010
100010
100010
100010
100010
010100
001000
000000

87
100010
100010
100010
101010
101010
110110
100010
000000

88
100010
100010
010100
001000
010100
100010
100010
000000

89
100010
100010
010100
001000
001000
001000
001000
000000

90
111110
000010
000100
001000
010000
100000
111110
000000
