8 6
32
000000
000000
000000
000000
000000
000000
000000
000000

33
001000
001000
001000
001000
001000
000000
001000
000000

34
110110
110110
110110
000000
000000
000000
000000
000000

35
010100
010100
111110
010100
111110
010100
010100
000000

48
011100
100010
100110
101010
110010
100010
011100
000000

49
001000
011000
001000
001000
001000
001000
011100
000000

50
011100
100010
000010
000100
001000
010000
111110
000000

51
111110
000100
001000
000100
000010
100010
011100
000000

52
000100
001100
010100
100100
111110
000100
000100
000000

53
111110
100000
111100
000010
000010
100010
011100
000000


54
001100
010000
100000
111100
100010
100010
011100
000000

55
111110
000010
000100
001000
010000
010000
010000
000000

56
011100
100010
100010
011100
100010
100010
011100
000000

57
011100
100010
100010
011110
000010
000100
011000
000000

58
000000
001100
001100
000000
001100
001100
000000
000000

59
000000
001100
001100
000000
001100
000100
001000
000000

60
000100
001000
010000
100000
010000
001000
000100
000000

61
000000
000000
011110
000000
011110
000000
000000
000000

62
100000
010000
001000
000100
001000
010000
100000
000000

63
011100
100010
000010
000100
001000
000000
001000
000000

64
011100
100010
000010
011010
101010
101010
011100
000000

65
011100
100010
100010
100010
111110
100010
100010
000000

66
111100
100010
100010
111100
100010
100010
111100
000000

67
011100
100010 
100000
100000
100000
100010
011100
000000

68
111000
100100
100010
100010
100010
100100
111000
000000

69
111110
100000
100000
111110
100000
100000
111110
000000

70
111110
100000
100000
111000
100000
100000
100000
000000

71
011100
100010
100000
100000
100110
100010
011100
000000

72
100010
100010
100010
111110
100010
100010
100010
000000

73
011100
001000
001000
001000
001000
001000
011100
000000

74
001110
000100
000100
000100
000100
100100
011000
000000

75
100010
100100
101000
110000
101000
100100
100010
000000

76
100000
100000
100000
100000
100000
100000
111110
000000

77
100010
110110
101010
100010
100010
100010
100010
000000

78
100010
100010
110010
101010
100110
100010
100010
000000

79
011100
100010
100010
100010
100010
100010
011100
000000

80
111100
100010
100010
111100
100000
100000
100000
000000

81
011100
100010
100010
100010
101010
100100
011010
000000

82
111100
100010
100010
111100
101000
100100
100010
000000

83
011110
100000
100000
011100
000010
000010
111100
000000

84
111110
001000
001000
001000
001000
001000
001000
000000

85
100010
100010
100010
100010
100010
100010
011100
000000

86
100010
100010
100010
100010
100010
010100
001000
000000

87
100010
100010
100010
101010
101010
110110
100010
000000

88
100010
100010
010100
001000
010100
100010
100010
000000

89
100010
100010
010100
001000
001000
001000
001000
000000

90
111110
000010
000100
001000
010000
100000
111110
000000

97
000000
000000
011100
000010
011110
100010
011110
000000

98
100000
100000
101100
110010
100010
100010
111100
000000

99
000000
000000
011100
100000
100000
100010
011100
000000

100
000010
000010
011010
100110
100010
100010
011110
000000

101
000000
000000
011100
100010
111110
100000
011100
000000

102
001100
010010
010000
111000
010000
010000
010000
000000

103
000000
000000
011110
100010
011110
000010
001100
000000

104
100000
100000
101100
110010
100010
100010
100010
000000

105
001000
000000
011000
001000
001000
001000
011100
000000

106
000100
000000
001100
000100
000100
100100
011000
000000

107
100000
100000
100100
101000
110000
101000
100100
000000

108
011000
001000
001000
001000
001000
001000
011100
000000

109
000000
000000
110100
101010
101010
100010
100010
000000

110
000000
000000
101100
110010
100010
100010
100010
000000

111
000000
000000
011100
100010
100010
100010
011100
000000

112
000000
000000
111100
100010
111100
100000
100000
000000

113
000000
000000
011010
100110
011110
000010
000010
000000

114
000000
000000
101100
110010
100000
100000
100000
000000

115
000000
000000
011100
100000
011100
000010
111100
000000

116
010000
010000
111000
010000
010000
010010
001100
000000

117
000000
000000
100010
100010
100010
100110
011010
000000

118
000000
000000
100010
100010
100010
010100
001000
000000

119
000000
000000
100010
100010
101010
101010
010100
000000

120
000000
000000
100010
010100
001000
010100
100010
000000

121
000000
000000
100010
100010
011110
000010
011100
000000

122
000000
000000
111110
000100
001000
010000
111110
000000
